K_similarity (Normalized):
tensor([[0.8089, 0.1423, 0.1480, 0.1692, 0.1903, 0.1872, 0.2083, 0.2086, 0.1700,
         0.1786, 0.1618, 0.1549],
        [0.1423, 0.7591, 0.1170, 0.0685, 0.1692, 0.2366, 0.1609, 0.2230, 0.0971,
         0.1720, 0.1433, 0.1931],
        [0.1480, 0.1170, 0.9207, 0.2187, 0.1022, 0.0727, 0.1858, 0.0703, 0.2212,
         0.1640, 0.1326, 0.1223],
        [0.1692, 0.0685, 0.2187, 1.0000, 0.0579, 0.0000, 0.1754, 0.0471, 0.2464,
         0.1467, 0.1199, 0.0691],
        [0.1903, 0.1692, 0.1022, 0.0579, 0.8959, 0.3010, 0.1362, 0.2580, 0.1064,
         0.1457, 0.2143, 0.2377],
        [0.1872, 0.2366, 0.0727, 0.0000, 0.3010, 0.9627, 0.1756, 0.3653, 0.0986,
         0.1361, 0.2703, 0.2564],
        [0.2083, 0.1609, 0.1858, 0.1754, 0.1362, 0.1756, 0.8420, 0.1488, 0.1683,
         0.1584, 0.2069, 0.1625],
        [0.2086, 0.2230, 0.0703, 0.0471, 0.2580, 0.3653, 0.1488, 0.9294, 0.1001,
         0.1384, 0.1873, 0.2518],
        [0.1700, 0.0971, 0.2212, 0.2464, 0.1064, 0.0986, 0.1683, 0.1001, 0.7854,
         0.1078, 0.1975, 0.1231],
        [0.1786, 0.1720, 0.1640, 0.1467, 0.1457, 0.1361, 0.1584, 0.1384, 0.1078,
         0.8719, 0.1794, 0.1619],
        [0.1618, 0.1433, 0.1326, 0.1199, 0.2143, 0.2703, 0.2069, 0.1873, 0.1975,
         0.1794, 0.8139, 0.2090],
        [0.1549, 0.1931, 0.1223, 0.0691, 0.2377, 0.2564, 0.1625, 0.2518, 0.1231,
         0.1619, 0.2090, 0.8761]])
Q_similarity (Normalized):
tensor([[8.7614e-01, 1.3256e-01, 1.8140e-01, 1.4516e-01, 1.7029e-01, 1.5840e-01,
         9.3605e-02, 1.6597e-01, 1.5172e-01, 1.8739e-01, 1.6508e-01, 1.6632e-01],
        [1.3256e-01, 8.7056e-01, 9.4564e-02, 9.6012e-02, 1.7208e-01, 1.4180e-01,
         8.5489e-02, 2.5421e-01, 8.5702e-02, 1.4535e-01, 0.0000e+00, 1.5919e-01],
        [1.8140e-01, 9.4564e-02, 1.0000e+00, 1.8110e-01, 1.8194e-01, 9.0254e-02,
         1.7170e-01, 1.4061e-01, 1.5973e-01, 1.2812e-01, 1.9865e-01, 8.7244e-02],
        [1.4516e-01, 9.6012e-02, 1.8110e-01, 9.5425e-01, 1.1308e-01, 1.6116e-01,
         1.8888e-01, 1.2486e-01, 1.8759e-01, 8.7263e-02, 1.6325e-01, 1.6259e-01],
        [1.7029e-01, 1.7208e-01, 1.8194e-01, 1.1308e-01, 8.9219e-01, 2.0603e-01,
         1.7830e-01, 2.3448e-01, 1.1587e-01, 2.0986e-01, 1.5563e-01, 2.0307e-01],
        [1.5840e-01, 1.4180e-01, 9.0254e-02, 1.6116e-01, 2.0603e-01, 9.0648e-01,
         1.8028e-01, 2.5946e-01, 1.8074e-01, 1.8637e-01, 1.5105e-01, 2.0988e-01],
        [9.3605e-02, 8.5489e-02, 1.7170e-01, 1.8888e-01, 1.7830e-01, 1.8028e-01,
         9.3460e-01, 6.1723e-02, 2.1223e-01, 1.1581e-01, 2.6753e-01, 1.9353e-01],
        [1.6597e-01, 2.5421e-01, 1.4061e-01, 1.2486e-01, 2.3448e-01, 2.5946e-01,
         6.1723e-02, 9.5828e-01, 9.7678e-02, 1.9005e-01, 8.0519e-02, 1.4885e-01],
        [1.5172e-01, 8.5702e-02, 1.5973e-01, 1.8759e-01, 1.1587e-01, 1.8074e-01,
         2.1223e-01, 9.7678e-02, 8.8218e-01, 1.1086e-01, 1.9221e-01, 1.5348e-01],
        [1.8739e-01, 1.4535e-01, 1.2812e-01, 8.7263e-02, 2.0986e-01, 1.8637e-01,
         1.1581e-01, 1.9005e-01, 1.1086e-01, 9.1157e-01, 2.1028e-01, 1.7343e-01],
        [1.6508e-01, 1.5346e-08, 1.9865e-01, 1.6325e-01, 1.5563e-01, 1.5105e-01,
         2.6753e-01, 8.0519e-02, 1.9221e-01, 2.1028e-01, 8.8510e-01, 1.5192e-01],
        [1.6632e-01, 1.5919e-01, 8.7244e-02, 1.6259e-01, 2.0307e-01, 2.0988e-01,
         1.9353e-01, 1.4885e-01, 1.5348e-01, 1.7343e-01, 1.5192e-01, 9.1438e-01]])
V_similarity (Normalized):
tensor([[9.5415e-01, 8.3228e-02, 3.7943e-02, 1.2683e-02, 4.6823e-02, 4.6739e-02,
         8.2702e-02, 2.8784e-02, 1.2132e-02, 1.1413e-01, 4.8097e-02, 6.8454e-02],
        [8.3228e-02, 7.7349e-01, 4.8531e-02, 5.6607e-02, 6.0557e-02, 5.4710e-02,
         6.7661e-02, 7.6458e-02, 5.7606e-02, 7.5244e-02, 2.7456e-02, 1.9492e-02],
        [3.7943e-02, 4.8531e-02, 9.0525e-01, 4.6972e-02, 5.1310e-02, 3.8038e-02,
         1.9996e-02, 5.9092e-02, 6.4398e-02, 2.3457e-02, 6.4322e-02, 7.7252e-02],
        [1.2683e-02, 5.6607e-02, 4.6972e-02, 9.7636e-01, 2.6110e-02, 5.6584e-02,
         3.3485e-02, 2.4036e-02, 7.4803e-02, 4.4024e-02, 5.6438e-02, 1.6438e-02],
        [4.6823e-02, 6.0557e-02, 5.1310e-02, 2.6110e-02, 9.5606e-01, 3.5060e-02,
         2.7196e-02, 5.5203e-02, 1.1429e-01, 8.2806e-02, 3.7585e-02, 5.0831e-02],
        [4.6739e-02, 5.4710e-02, 3.8038e-02, 5.6584e-02, 3.5060e-02, 8.6193e-01,
         2.3788e-02, 3.8923e-02, 3.8998e-02, 0.0000e+00, 1.0603e-01, 5.7198e-02],
        [8.2702e-02, 6.7661e-02, 1.9996e-02, 3.3485e-02, 2.7196e-02, 2.3788e-02,
         9.9068e-01, 5.9456e-02, 3.1367e-02, 1.1420e-01, 3.9248e-02, 6.5568e-02],
        [2.8784e-02, 7.6458e-02, 5.9092e-02, 2.4036e-02, 5.5203e-02, 3.8923e-02,
         5.9456e-02, 8.7813e-01, 5.2874e-02, 1.3964e-02, 2.3523e-02, 6.0859e-02],
        [1.2132e-02, 5.7606e-02, 6.4398e-02, 7.4803e-02, 1.1429e-01, 3.8998e-02,
         3.1367e-02, 5.2874e-02, 8.8357e-01, 6.0786e-02, 6.4225e-02, 3.3877e-02],
        [1.1413e-01, 7.5244e-02, 2.3457e-02, 4.4024e-02, 8.2806e-02, 5.2356e-09,
         1.1420e-01, 1.3964e-02, 6.0786e-02, 9.6568e-01, 1.0534e-03, 8.7862e-02],
        [4.8097e-02, 2.7456e-02, 6.4322e-02, 5.6438e-02, 3.7585e-02, 1.0603e-01,
         3.9248e-02, 2.3523e-02, 6.4225e-02, 1.0534e-03, 8.7977e-01, 6.2686e-02],
        [6.8454e-02, 1.9492e-02, 7.7252e-02, 1.6438e-02, 5.0831e-02, 5.7198e-02,
         6.5568e-02, 6.0859e-02, 3.3877e-02, 8.7862e-02, 6.2686e-02, 1.0000e+00]])
KxQ_similarity (Normalized):
tensor([[0.0905, 0.6352, 0.5846, 0.6450, 0.5475, 0.7224, 0.5829, 0.5462, 0.7296,
         0.5011, 0.7230, 0.6262],
        [0.6543, 0.6547, 0.7053, 0.6022, 0.6689, 0.4780, 0.7817, 0.7439, 0.6538,
         0.5911, 0.7181, 0.6711],
        [0.6453, 0.8397, 0.0533, 0.6280, 0.6274, 0.8269, 0.5251, 0.7509, 0.6876,
         0.8107, 0.5053, 0.8364],
        [0.6211, 0.9669, 0.4268, 0.0000, 0.5883, 0.9044, 0.5433, 0.6801, 0.5113,
         0.6758, 0.5319, 0.6098],
        [0.7278, 0.6554, 0.7990, 0.6353, 0.1307, 0.4746, 0.8042, 0.6394, 0.8140,
         0.5974, 0.7314, 0.4806],
        [0.6217, 0.5383, 0.9433, 0.7473, 0.6227, 0.1960, 0.6385, 0.3592, 1.0000,
         0.7656, 0.8116, 0.6244],
        [0.7872, 0.7415, 0.6508, 0.6207, 0.6473, 0.4394, 0.1320, 0.7370, 0.7213,
         0.6663, 0.5050, 0.7020],
        [0.5865, 0.4267, 0.8555, 0.7337, 0.7668, 0.4718, 0.7182, 0.0874, 0.8921,
         0.6748, 0.8412, 0.6078],
        [0.7503, 0.7007, 0.6231, 0.6911, 0.6192, 0.7090, 0.6918, 0.8140, 0.5286,
         0.6839, 0.5467, 0.8093],
        [0.7006, 0.6777, 0.6800, 0.6997, 0.6623, 0.6023, 0.7196, 0.6758, 0.6659,
         0.0970, 0.5032, 0.6699],
        [0.6547, 0.6825, 0.8710, 0.5890, 0.4778, 0.5362, 0.5754, 0.6156, 0.6884,
         0.5736, 0.0694, 0.5643],
        [0.6362, 0.4826, 0.7375, 0.6633, 0.4931, 0.5084, 0.6237, 0.5423, 0.7683,
         0.7012, 0.8242, 0.2773]])
KxQxV_similarity (Normalized):
tensor([[0.4498, 0.7649, 0.5734, 0.5382, 0.4467, 0.1288, 0.5840, 0.4371, 0.6161,
         0.5331, 0.4493, 0.5474],
        [0.4931, 0.5701, 0.5047, 0.6453, 0.5762, 0.4456, 0.5043, 0.5737, 0.4215,
         0.4808, 0.8719, 0.5714],
        [0.5542, 0.7068, 0.5163, 0.4631, 0.4000, 0.9063, 0.5502, 0.4423, 0.3216,
         0.6417, 0.3255, 0.4684],
        [0.7491, 0.8129, 0.4239, 0.4940, 0.3175, 0.5107, 0.6173, 0.2842, 0.8015,
         0.8569, 0.2514, 0.4918],
        [0.4627, 0.7147, 0.4490, 0.7321, 0.5660, 0.5697, 0.4773, 0.6618, 0.4981,
         0.3629, 0.5426, 0.4340],
        [0.4176, 0.3429, 0.5289, 0.6009, 0.6830, 0.2378, 0.5071, 0.7663, 0.3648,
         0.3724, 0.8620, 0.4689],
        [0.2953, 0.6464, 0.6275, 0.4519, 0.4509, 0.2729, 0.3617, 0.5376, 0.3944,
         0.7871, 0.6808, 0.5934],
        [0.2701, 0.2554, 0.4953, 0.5316, 0.5330, 0.6120, 0.3985, 0.6330, 0.5352,
         0.3091, 0.6476, 0.5259],
        [0.6135, 0.3421, 0.5775, 0.5912, 0.4476, 0.6962, 0.5688, 0.4686, 0.5533,
         0.3792, 0.4346, 0.4992],
        [0.6310, 0.4633, 0.4777, 0.4871, 0.5422, 1.0000, 0.6866, 0.4211, 0.2932,
         0.4043, 0.6845, 0.4584],
        [0.5563, 0.8270, 0.4545, 0.6134, 0.5210, 0.0000, 0.5756, 0.5154, 0.3884,
         0.4342, 0.5449, 0.4175],
        [0.1630, 0.3546, 0.5787, 0.5743, 0.4652, 0.4571, 0.3988, 0.6405, 0.5135,
         0.4048, 0.7710, 0.5934]])
