tensor([[0.7217, 0.7459, 0.4807, 0.3209, 1.0000, 0.4282, 0.4302, 0.5143, 0.4628,
         0.4938, 0.0000, 0.2522]])


array([[5.3534460e-01, 5.5309957e-01, 3.5905945e-01, 2.4212974e-01,
        7.3898917e-01, 3.2058585e-01, 3.2205024e-01, 3.8363549e-01,
        3.4595150e-01, 3.6859927e-01, 7.3167244e-03, 1.9187202e-01],
       [5.5309957e-01, 5.7144344e-01, 3.7096784e-01, 2.5016010e-01,
        7.6349813e-01, 3.3121824e-01, 3.3273122e-01, 3.9635897e-01,
        3.5742515e-01, 3.8082406e-01, 7.5593875e-03, 1.9823556e-01],
       [3.5905945e-01, 3.7096784e-01, 2.4082373e-01, 1.6239814e-01,
        4.9564531e-01, 2.1501921e-01, 2.1600141e-01, 2.5730705e-01,
        2.3203214e-01, 2.4722216e-01, 4.9073794e-03, 1.2868993e-01],
       [2.4212974e-01, 2.5016010e-01, 1.6239814e-01, 1.0951229e-01,
        3.3423567e-01, 1.4499702e-01, 1.4565936e-01, 1.7351359e-01,
        1.5646958e-01, 1.6671290e-01, 3.3092641e-03, 8.6781345e-02],
       [7.3898917e-01, 7.6349813e-01, 4.9564531e-01, 3.3423567e-01,
        1.0201000e+00, 4.4253638e-01, 4.4455788e-01, 5.2957004e-01,
        4.7755113e-01, 5.0881410e-01, 1.0100000e-02, 2.6485994e-01],
       [3.2058585e-01, 3.3121824e-01, 2.1501921e-01, 1.4499702e-01,
        4.4253638e-01, 1.9197968e-01, 1.9285662e-01, 2.2973633e-01,
        2.0716965e-01, 2.2073203e-01, 4.3815481e-03, 1.1490066e-01],
       [3.2205024e-01, 3.3273122e-01, 2.1600141e-01, 1.4565936e-01,
        4.4455788e-01, 1.9285662e-01, 1.9373758e-01, 2.3078576e-01,
        2.0811598e-01, 2.2174032e-01, 4.4015632e-03, 1.1542553e-01],
       [3.8363549e-01, 3.9635897e-01, 2.5730705e-01, 1.7351359e-01,
        5.2957004e-01, 2.2973633e-01, 2.3078576e-01, 2.7491859e-01,
        2.4791372e-01, 2.6414341e-01, 5.2432679e-03, 1.3749819e-01],
       [3.4595150e-01, 3.5742515e-01, 2.3203214e-01, 1.5646958e-01,
        4.7755113e-01, 2.0716965e-01, 2.0811598e-01, 2.4791372e-01,
        2.2356150e-01, 2.3819698e-01, 4.7282288e-03, 1.2399194e-01],
       [3.6859927e-01, 3.8082406e-01, 2.4722216e-01, 1.6671290e-01,
        5.0881410e-01, 2.2073203e-01, 2.2174032e-01, 2.6414341e-01,
        2.3819698e-01, 2.5379059e-01, 5.0377632e-03, 1.3210908e-01],
       [7.3167244e-03, 7.5593875e-03, 4.9073794e-03, 3.3092641e-03,
        1.0100000e-02, 4.3815481e-03, 4.4015632e-03, 5.2432679e-03,
        4.7282288e-03, 5.0377632e-03, 9.9999997e-05, 2.6223757e-03],
       [1.9187202e-01, 1.9823556e-01, 1.2868993e-01, 8.6781345e-02,
        2.6485994e-01, 1.1490066e-01, 1.1542553e-01, 1.3749819e-01,
        1.2399194e-01, 1.3210908e-01, 2.6223757e-03, 6.8768546e-02]],
      dtype=float32)


array([[0.73167247, 0.74370664, 0.5992157 , 0.4920668 , 0.8596448 ,
        0.566203  , 0.5674947 , 0.61938316, 0.5881764 , 0.6071238 ,
        0.08553785, 0.43803197],
       [0.74370664, 0.75593877, 0.6090713 , 0.5001601 , 0.8737838 ,
        0.5755156 , 0.5768286 , 0.6295705 , 0.59785044, 0.6171094 ,
        0.08694474, 0.4452365 ],
       [0.5992157 , 0.6090713 , 0.49073794, 0.40298653, 0.7040208 ,
        0.46370164, 0.46475953, 0.5072544 , 0.48169714, 0.4972144 ,
        0.07005269, 0.35873377],
       [0.4920668 , 0.5001601 , 0.40298653, 0.33092642, 0.5781312 ,
        0.38078475, 0.38165346, 0.41654962, 0.39556235, 0.4083049 ,
        0.0575262 , 0.29458675],
       [0.8596448 , 0.8737838 , 0.7040208 , 0.5781312 , 1.01      ,
        0.6652341 , 0.66675174, 0.7277156 , 0.69105077, 0.7133121 ,
        0.10049875, 0.51464546],
       [0.566203  , 0.5755156 , 0.46370164, 0.38078475, 0.6652341 ,
        0.43815485, 0.43915445, 0.4793082 , 0.45515892, 0.46982127,
        0.06619326, 0.33897   ],
       [0.5674947 , 0.5768286 , 0.46475953, 0.38165346, 0.66675174,
        0.43915445, 0.4401563 , 0.48040166, 0.4561973 , 0.4708931 ,
        0.06634428, 0.33974332],
       [0.61938316, 0.6295705 , 0.5072544 , 0.41654962, 0.7277156 ,
        0.4793082 , 0.48040166, 0.5243268 , 0.49790934, 0.51394886,
        0.07241041, 0.37080747],
       [0.5881764 , 0.59785044, 0.48169714, 0.39556235, 0.69105077,
        0.45515892, 0.4561973 , 0.49790934, 0.4728229 , 0.48805428,
        0.06876212, 0.3521249 ],
       [0.6071238 , 0.6171094 , 0.4972144 , 0.4083049 , 0.7133121 ,
        0.46982127, 0.4708931 , 0.51394886, 0.48805428, 0.5037763 ,
        0.0709772 , 0.3634681 ],
       [0.08553785, 0.08694474, 0.07005269, 0.0575262 , 0.10049875,
        0.06619326, 0.06634428, 0.07241041, 0.06876212, 0.0709772 ,
        0.01      , 0.05120914],
       [0.43803197, 0.4452365 , 0.35873377, 0.29458675, 0.51464546,
        0.33897   , 0.33974332, 0.37080747, 0.3521249 , 0.3634681 ,
        0.05120914, 0.26223758]], dtype=float32)

simi
array([[ 0.        , 17.83524513, 16.62232018, 15.84210777, 19.24032593,
        16.39949036, 16.39706421, 16.69708633, 16.48781013, 16.73263931,
        14.52305412, 15.63998127],
       [17.83524513,  0.        , 16.66760826, 15.99478722, 19.41233444,
        16.65200043, 16.37914848, 16.9110775 , 16.57608414, 16.69479942,
        14.78642845, 15.77587223],
       [16.62232018, 16.66760826,  0.        , 14.57038975, 18.09144592,
        15.11596107, 15.2420311 , 15.4947834 , 15.28543186, 15.44704914,
        13.21923351, 14.26814461],
       [15.84210777, 15.99478722, 14.57038975,  0.        , 17.3723259 ,
        14.35346889, 14.32421494, 14.60099792, 14.41505241, 14.70617962,
        12.38550377, 13.37110329],
       [19.24032593, 19.41233444, 18.09144592, 17.3723259 ,  0.        ,
        17.77991676, 17.91915894, 18.10109711, 18.02555847, 18.15994644,
        16.28507423, 17.18498993],
       [16.39949036, 16.65200043, 15.11596107, 14.35346889, 17.77991676,
         0.        , 14.82136917, 15.25721741, 15.05232239, 15.12680531,
        12.92240238, 14.08417702],
       [16.39706421, 16.37914848, 15.2420311 , 14.32421494, 17.91915894,
        14.82136917,  0.        , 15.20022488, 15.13164043, 15.23804665,
        12.85370445, 14.05399609],
       [16.69708633, 16.9110775 , 15.4947834 , 14.60099792, 18.10109711,
        15.25721741, 15.20022488,  0.        , 15.38005066, 15.52837849,
        13.40192795, 14.62905407],
       [16.48781013, 16.57608414, 15.28543186, 14.41505241, 18.02555847,
        15.05232239, 15.13164043, 15.38005066,  0.        , 15.37442017,
        13.19754887, 14.1649456 ],
       [16.73263931, 16.69479942, 15.44704914, 14.70617962, 18.15994644,
        15.12680531, 15.23804665, 15.52837849, 15.37442017,  0.        ,
        13.41889   , 14.34128952],
       [14.52305412, 14.78642845, 13.21923351, 12.38550377, 16.28507423,
        12.92240238, 12.85370445, 13.40192795, 13.19754887, 13.41889   ,
         0.        , 12.005867  ],
       [15.63998127, 15.77587223, 14.26814461, 13.37110329, 17.18498993,
        14.08417702, 14.05399609, 14.62905407, 14.1649456 , 14.34128952,
        12.005867  ,  0.        ]])


array([[ 0.        , 15.444071  , 13.42614389, 12.24022899, 17.73374649,
        13.05687601, 13.06214836, 13.60963906, 13.25266178, 13.56313904,
        10.19801583, 11.84824868],
       [15.444071  ,  0.        , 13.5222693 , 12.39672812, 18.03501829,
        13.311034  , 13.1003599 , 13.84861121, 13.38067182, 13.59369353,
        10.38403296, 11.9813118 ],
       [13.42614389, 13.5222693 ,  0.        , 10.90913425, 15.35409454,
        11.55623907, 11.65711193, 12.0424235 , 11.76381556, 11.95859019,
         9.27292512, 10.53855133],
       [12.24022899, 12.39672812, 10.90913425,  0.        , 13.902563  ,
        10.67179121, 10.65288745, 10.98074028, 10.76719152, 11.02983808,
         8.68214851,  9.70788099],
       [17.73374649, 18.03501829, 15.35409454, 13.902563  ,  0.        ,
        14.80642002, 14.93324196, 15.54650707, 15.20032896, 15.4839731 ,
        11.44889558, 13.39497765],
       [13.05687601, 13.311034  , 11.55623907, 10.67179121, 14.80642002,
         0.        , 11.23247786, 11.73159332, 11.47214081, 11.59045495,
         9.06266751, 10.34440815],
       [13.06214836, 13.1003599 , 11.65711193, 10.65288745, 14.93324196,
        11.23247786,  0.        , 11.69255608, 11.53688895, 11.68029966,
         9.01456604, 10.32445432],
       [13.60963906, 13.84861121, 12.0424235 , 10.98074028, 15.54650707,
        11.73159332, 11.69255608,  0.        , 11.90991331, 12.10038012,
         9.40243019, 10.84377817],
       [13.25266178, 13.38067182, 11.76381556, 10.76719152, 15.20032896,
        11.47214081, 11.53688895, 11.90991331,  0.        , 11.86073638,
         9.25700439, 10.44236359],
       [13.56313904, 13.59369353, 11.95859019, 11.02983808, 15.4839731 ,
        11.59045495, 11.68029966, 12.10038012, 11.86073638,  0.        ,
         9.41350328, 10.60728706],
       [10.19801583, 10.38403296,  9.27292512,  8.68214851, 11.44889558,
         9.06266751,  9.01456604,  9.40243019,  9.25700439,  9.41350328,
         0.        ,  8.41355204],
       [11.84824868, 11.9813118 , 10.53855133,  9.70788099, 13.39497765,
        10.34440815, 10.32445432, 10.84377817, 10.44236359, 10.60728706,
         8.41355204,  0.        ]])